[Ruhul&Dadu.jpeg]
filters=fill=1,0.102804;autocolor=1;crop64=1,236e20a4e5b6ffff;tilt=1,-0.035612,0.000000;
crop=rect64(236e20a4e5b6ffff)
moddate=058755c90a1cd801
width=672
height=1200
textactive=0
[Baba.jpg]
filters=crop64=1,2b9912669bdd9fe6;
crop=rect64(2b9912669bdd9fe6)
moddate=660d3b6d0b1cd801
width=1920
height=2560
text=1;130;4;BABA;Arial Black;0.170412,0.111962,0.030707,0.000000;v1,4294967295,4291445035,128.000000,1.000000,0.500000,1.000000,400,2,49160;;
textactive=1
